1101010100 00101101111110001	
1101010100 00101101111010001	
1101010100 00101101111101001	
1101010100 00101101111100001	
1101010100 00101101111011001
1101010100 00101101110100001
1101010100 00101101110101001	
1101010100 11101101000100000
1101010100 11101101000100001
1101010100 11101100000000111
1101010100 11101111010000010
1101010100 11101111010000011
1101010100 11101101000010100
1101010100 11101101000010000
1101010100 11101101000010110
1101010100 01101101000100000
1101010100 01101101000100001
1101010100 01101111010000010
1101010100 01101101000010100
1101010100 01101101000010000
1101010100 01101101000010110
